single point
 column_height                      25951.26016006100    1.000000000000000    0.000000000000000
diffusion_coef                      5275.607889948320    1.000000000000000    0.000000000000000
ellipse_major_axis                      11000.00000000000    1.000000000000000    0.000000000000000
ellipse_minor_axis                      11000.00000000000    1.000000000000000    0.000000000000000
     tgsd_mean                      -1.992722693746000    1.000000000000000    0.000000000000000
    tgsd_sigma                      1.000000000000000    1.000000000000000    0.000000000000000
total_erupted_mass                      79236194419.30765    1.000000000000000    0.000000000000000
wind_direction                      217.7619443141740    1.000000000000000    0.000000000000000
    wind_speed                      3.926088718548250    1.000000000000000    0.000000000000000
