single point
 column_height                      25954.21231064800    1.000000000000000    0.000000000000000
diffusion_coef                      5289.583140051900    1.000000000000000    0.000000000000000
ellipse_major_axis                      11000.00000000000    1.000000000000000    0.000000000000000
ellipse_minor_axis                      11000.00000000000    1.000000000000000    0.000000000000000
     tgsd_mean                      -1.993645594213000    1.000000000000000    0.000000000000000
    tgsd_sigma                      1.000000000000000    1.000000000000000    0.000000000000000
total_erupted_mass                      79407934982.69754    1.000000000000000    0.000000000000000
wind_direction                      217.6962894834970    1.000000000000000    0.000000000000000
    wind_speed                      3.931210133977010    1.000000000000000    0.000000000000000
