single point
 column_height                      25958.90567709000    1.000000000000000    0.000000000000000
diffusion_coef                      5297.107060202820    1.000000000000000    0.000000000000000
ellipse_major_axis                      11000.00000000000    1.000000000000000    0.000000000000000
ellipse_minor_axis                      11000.00000000000    1.000000000000000    0.000000000000000
     tgsd_mean                      -1.994560695771000    1.000000000000000    0.000000000000000
    tgsd_sigma                      1.000000000000000    1.000000000000000    0.000000000000000
total_erupted_mass                      79884969488.65381    1.000000000000000    0.000000000000000
wind_direction                      217.3831425895370    1.000000000000000    0.000000000000000
    wind_speed                      3.941479532031900    1.000000000000000    0.000000000000000
