single point
 column_height                      25198.03386514000    1.000000000000000    0.000000000000000
diffusion_coef                      5577.916601843670    1.000000000000000    0.000000000000000
ellipse_major_axis                      11000.00000000000    1.000000000000000    0.000000000000000
ellipse_minor_axis                      11000.00000000000    1.000000000000000    0.000000000000000
     tgsd_mean                      -1.988903270392000    1.000000000000000    0.000000000000000
    tgsd_sigma                      1.000000000000000    1.000000000000000    0.000000000000000
total_erupted_mass                      80928059649.19139    1.000000000000000    0.000000000000000
wind_direction                      218.1202233213980    1.000000000000000    0.000000000000000
    wind_speed                      4.527413959770970    1.000000000000000    0.000000000000000
