single point
 column_height                      21000.00000000000    1.000000000000000    0.000000000000000
diffusion_coef                      5000.000000000000    1.000000000000000    0.000000000000000
ellipse_major_axis                      11500.00000000000    1.000000000000000    0.000000000000000
ellipse_minor_axis                      11500.00000000000    1.000000000000000    0.000000000000000
     tgsd_mean                      -1.990000000000000    1.000000000000000    0.000000000000000
    tgsd_sigma                      1.000000000000000    1.000000000000000    0.000000000000000
total_erupted_mass                      10000000000.00000    1.000000000000000    0.000000000000000
wind_direction                      217.0000000000000    1.000000000000000    0.000000000000000
    wind_speed                      5.000000000000000    1.000000000000000    0.000000000000000
